,atlas_susy_2013_04-8j50-0bjet,atlas_susy_2013_04-9j50-0bjet,atlas_susy_2013_04->=10j50,atlas_susy_2013_04-7j80-0bjet,atlas_susy_2013_04->=8j80-0bjet,atlas_susy_2013_02-2jl,atlas_susy_2013_02-2jm,atlas_susy_2013_02-2jt,atlas_susy_2013_02-3j,atlas_susy_2013_02-4jl,atlas_susy_2013_02-4jm,atlas_susy_2013_02-4jlm,atlas_susy_2013_02-4jt,atlas_susy_2013_02-5j,atlas_susy_2013_02-6jl,atlas_susy_2013_02-6jm,atlas_susy_2013_02-6jt,atlas_susy_2013_02-6jtp,atlas_susy_2013_11-MT2-90ee,atlas_susy_2013_11-MT2-90mumu,atlas_susy_2013_11-MT2-90emu,atlas_susy_2013_11-MT2-120ee,atlas_susy_2013_11-MT2-120mumu,atlas_susy_2013_11-MT2-120emu,atlas_susy_2013_11-MT2-150ee,atlas_susy_2013_11-MT2-150mumu,atlas_susy_2013_11-MT2-150emu,atlas_susy_2013_11-WWaee,atlas_susy_2013_11-WWamumu,atlas_susy_2013_11-WWaemu,atlas_susy_2013_11-WWbee,atlas_susy_2013_11-WWbmumu,atlas_susy_2013_11-WWbemu,atlas_susy_2013_11-WWcee,atlas_susy_2013_11-WWcmumu,atlas_susy_2013_11-WWcemu,cms_sus_13_011-Stop->T+neutralino-LowDeltaM-MET>150,cms_sus_13_011-Stop->T+neutralino-LowDeltaM-MET>200,cms_sus_13_011-Stop->T+neutralino-LowDeltaM-MET>250,cms_sus_13_011-Stop->T+neutralino-LowDeltaM-MET>300,cms_sus_13_011-Stop->T+neutralino-HighDeltaM-MET>150,cms_sus_13_011-Stop->T+neutralino-HighDeltaM-MET>200,cms_sus_13_011-Stop->T+neutralino-HighDeltaM-MET>250,cms_sus_13_011-Stop->T+neutralino-HighDeltaM-MET>300,cms_sus_13_011-Stop->b+chargino-LowDeltaM-MET>100,cms_sus_13_011-Stop->b+chargino-LowDeltaM-MET>150,cms_sus_13_011-Stop->b+chargino-LowDeltaM-MET>200,cms_sus_13_011-Stop->b+chargino-LowDeltaM-MET>250,cms_sus_13_011-Stop->b+chargino-HighDeltaM-MET>100,cms_sus_13_011-Stop->b+chargino-HighDeltaM-MET>150,cms_sus_13_011-Stop->b+chargino-HighDeltaM-MET>200,cms_sus_13_011-Stop->b+chargino-HighDeltaM-MET>250,cms_sus_13_012-Njets3-5-HT500-800-MHT200-300,cms_sus_13_012-Njets3-5-HT500-800-MHT300-450,cms_sus_13_012-Njets3-5-HT500-800-MHT450-600,cms_sus_13_012-Njets3-5-HT500-800-MHT>600,cms_sus_13_012-Njets3-5-HT800-1000-MHT200-300,cms_sus_13_012-Njets3-5-HT800-1000-MHT300-450,cms_sus_13_012-Njets3-5-HT800-1000-MHT450-600,cms_sus_13_012-Njets3-5-HT800-1000-MHT>600,cms_sus_13_012-Njets3-5-HT1000-1250-MHT200-300,cms_sus_13_012-Njets3-5-HT1000-1250-MHT300-450,cms_sus_13_012-Njets3-5-HT1000-1250-MHT450-600,cms_sus_13_012-Njets3-5-HT1000-1250-MHT>600,cms_sus_13_012-Njets3-5-HT1250-1500-MHT200-300,cms_sus_13_012-Njets3-5-HT1250-1500-MHT300-450,cms_sus_13_012-Njets3-5-HT1250-1500-MHT>450,cms_sus_13_012-Njets3-5-HT>1500-MHT200-300,cms_sus_13_012-Njets3-5-HT>1500-MHT>300,cms_sus_13_012-Njets6-7-HT500-800-MHT200-300,cms_sus_13_012-Njets6-7-HT500-800-MHT300-450,cms_sus_13_012-Njets6-7-HT500-800-MHT>450,cms_sus_13_012-Njets6-7-HT800-1000-MHT200-300,cms_sus_13_012-Njets6-7-HT800-1000-MHT300-450,cms_sus_13_012-Njets6-7-HT800-1000-MHT>450,cms_sus_13_012-Njets6-7-HT1000-1250-MHT200-300,cms_sus_13_012-Njets6-7-HT1000-1250-MHT300-450,cms_sus_13_012-Njets6-7-HT1000-1250-MHT>450,cms_sus_13_012-Njets6-7-HT1250-1500-MHT200-300,cms_sus_13_012-Njets6-7-HT1250-1500-MHT300-450,cms_sus_13_012-Njets6-7-HT1250-1500-MHT>450,cms_sus_13_012-Njets6-7-HT>1500-MHT200-300,cms_sus_13_012-Njets6-7-HT>1500-MHT>300,cms_sus_13_012-Njets>7-HT800-1000-MHT>200,cms_sus_13_012-Njets>7-HT1000-1250-MHT>200,cms_sus_13_012-Njets>7-HT1250-1500-MHT>200,cms_sus_13_012-Njets>7-HT>1500-MHT>200
atlas_susy_2013_04-8j50-0bjet,1.0,-0.09032519392634197,0.02925575464726991,0.2674253108641622,0.22671519707292312,-0.00014628915510494987,0.03815707857811374,0.02775312125700895,-0.015056517664380379,-0.023483964605363755,0.016374076307002668,0.011480487890838895,-0.07271917719996844,-0.009353500045139742,-0.018427984240407924,-0.02226237442533023,-0.041492737891671586,-0.041492737891671586,0.010709241060033365,0.006852699895507675,0.01588440792592,0.00258837097021522,-0.01614578607529048,0.02606489166106755,0.003923398719484444,-0.02468236296590234,0.005757957508749364,-0.01846913502296196,-0.07692895173430567,0.03930957915382522,-0.016894495740566267,-0.03207678480243238,0.06470993924519527,0.012982167602885744,-0.0020618427071738437,0.024869879357323616,-0.05983564810010115,-0.06239560997219646,-0.04754906486172552,-0.041425263256192155,-0.05170462425477041,-0.05614766654203881,-0.05220112812300138,-0.05807789507814455,-0.059595934277192446,-0.06037794527589848,-0.04913466779441484,-0.026344473927278515,-0.06379982431469645,-0.0675196258283223,-0.06497376310751014,-0.054101454628690496,0.016727796204150693,0.023803955696499197,-0.043792636359365186,-0.031109568508092367,0.06580214008727266,0.01203728177535118,0.05987139084237909,-0.018270158218273994,0.017503597062007197,-0.03842627359726156,-0.017182717927676863,0.02216824665466338,-0.008606257584855963,0.06783110628750681,-0.02490708888045608,0.036457773697415055,-0.04550042297309594,0.027627434407330165,-0.05688201731096591,0.037429456924022865,-0.009228978730091616,-0.011613982836706213,0.03468629055065395,0.04107969184078147,0.034811826898583885,0.05101392463130381,0.08769712962466246,0.02583816943318459,0.06913463819836563,0.024033575983618695,0.09159379856935287,0.016229768572502756,0.07142569064175397,0.11677856790138297,0.1068504027028147
atlas_susy_2013_04-9j50-0bjet,-0.09032519392634197,1.0,0.03028000863592886,0.25153058141050333,0.33136937610354483,0.0035697978103685934,0.010487959478226255,0.009445947974830223,-0.004927091175224298,-0.02128507929421992,0.025963438494694454,-0.026331070513652615,0.005959404025440794,-0.0061615120696927525,-0.004049006925771184,-0.013762827094245271,-0.03478997180517784,-0.03478997180517784,0.012316259916362433,-0.0488697641955296,-0.008040864607274722,0.0038228477995226684,-0.048918966660770925,-0.021682138899842468,0.005146843040007496,-0.04065789732062761,-0.024582566833430703,-0.008238371055129807,-0.04543201554849556,-0.049594110366633734,-0.03074141551773186,-0.050126336134904394,-0.0184882988448043,0.005596234385452109,-0.04630292551803088,-0.012017107110826682,-0.0009927075983660232,-0.004831665179632464,0.0009170032437839632,-0.002394746441008326,-0.005686382808214493,-0.005456333488579016,-0.0006223649471064493,-0.0011622992493165087,0.010425914101269017,0.00827452202581919,0.003231679080002169,0.003601750803882175,0.023963357930265668,0.012616426809222751,0.009690881432429674,0.005873071380880833,-0.044678473503878685,-0.0008326295780004117,0.006638239684215596,-0.05619373833007033,-0.04741951853210763,-0.008491246126166337,0.021533155324352005,-0.010042934475715274,0.026097431482269985,0.05532643390671162,0.06360191066808195,-0.0361817147446948,-0.007582757691102983,-0.04422445073044861,-0.025150869155952937,-0.007526918482569042,-0.06292407237630156,0.02573579300861315,-0.0020614620146928767,-0.02868021285399041,0.01673106500777012,-0.015230304241352065,-0.03856087657907401,-0.008271045824206439,-0.01458910222658569,-0.0008985613678306053,0.01129234347733039,0.0578232616788776,-0.012995960230065516,0.0790412646558572,0.021420371470729865,0.04884178478673904,0.02464679792488789,0.11335194928652213,0.19536537484198183
atlas_susy_2013_04->=10j50,0.02925575464726991,0.03028000863592886,1.0,0.13679225663610084,0.43632478213789705,0.03892294894594348,0.022213777585548707,0.0142354262586729,0.024343195612787676,0.030530531228802144,0.05010158076333124,0.038611333874829186,0.028813161278336746,0.03283946682029724,0.019287244971216463,0.013906165632332957,0.016903093965241946,0.016903093965241946,-0.014103671007215676,0.04154265630454016,0.010033359545610526,-0.005002802850314656,0.04506179132518569,0.0040544776198408305,-0.001516335529501839,0.02305865774560872,0.003356841835057602,-0.01609302972040702,-0.005621073084505041,0.03567392664858982,-0.02576621461699528,0.024615762185344968,0.010527264630523647,-0.01046259882969541,0.04904429281782713,0.014204810452634,0.010941160096556136,0.007388613482884328,-0.00815271785151109,0.016773321708515976,-0.021605132567552737,-0.022626599940410563,-0.02710994876089817,-0.004440960616751775,0.012731288133555984,0.012325554146893456,0.006046814327274044,-0.005488280975645066,-0.011333113693468568,-0.02236868830871094,-0.017247933072900793,-0.022625619977966693,-0.010476430459483729,0.0002933855329830968,0.005192845461616979,0.002661923434338174,-0.07434082518710156,0.06688549637227281,-0.03639744311799299,0.012463156275681548,-0.03394301779445113,-0.03904728234967092,0.04188400130750348,-0.02971420176355387,-0.012507408157920799,0.022621924467222845,0.02417348875740491,-0.008797014245191118,-0.026930375920209863,-0.03228449213765835,-0.03297635073715279,-0.05020489158088974,0.04645765410868744,-0.015471868756225495,0.03462752665432954,-0.04052182429309674,-0.00576392663511015,0.02081079289887098,0.010624709922737209,0.03218643687941854,-0.003124323646473581,0.04097806771908796,-0.0008455472591226298,0.02552244912308612,0.04544466717486832,0.08171289231420119,0.25750784298275736
atlas_susy_2013_04-7j80-0bjet,0.2674253108641622,0.25153058141050333,0.13679225663610084,1.0,0.021696346532994237,0.04745429225402517,0.012117389311035951,0.02649785722989115,0.010928234759458078,-4.621251430515615e-05,0.07808557594849154,0.008236402234662524,-0.01288985447895069,0.02348904932819828,0.029353223935958617,0.018576787740220653,-0.004287402419101731,-0.004287402419101731,0.0762070158821884,-0.02453667699127273,0.011084109005721519,0.06255121060988507,-0.017751447229310702,0.03075443362154199,0.05689617468587271,-0.009636252899247593,0.0007339509906806492,0.03212471871996402,-0.07482483009308066,-0.021318086583943015,0.0262040572128067,-0.04032713884715301,0.015420043827829313,0.07799791931429212,-0.01274003220283516,0.02113927562633561,-0.013717008605243778,-0.013036382449823905,-0.018495751127715954,-0.020750187461577186,-0.01159778531810312,-0.013162910217866966,-0.017980292531329694,-0.025995773586132063,0.016480451450799682,0.013781485128411446,0.0008475676194584452,-0.005440556145350852,0.04688390099796873,0.04348607801554771,0.027378055029566292,0.021247636726649744,-0.041180886230812494,-0.028974431204601938,0.027707674692717316,-0.002584919978548947,0.011599310518569377,0.019897099352691724,0.008948233846883783,-0.028030455469804195,0.014523835898327465,-0.015947020017353836,0.02384875240585813,-0.0551612439491314,0.06148948921432287,0.05759260043875322,-0.07914622129216475,0.036333169558661,-0.02681089428145329,-0.008125966543464086,-0.0009256392210306875,0.006950976542816456,0.005554187649446856,-0.0672015339558039,0.00858353056902064,0.031194501016755468,0.036174436409665826,-0.003402866697168245,0.04859770161119842,0.05204395810667467,0.04670366011581979,0.10751487418519459,0.16635165303151597,0.0042599828609526024,0.007985518903138977,0.11886585522432024,0.12497700318161689
atlas_susy_2013_04->=8j80-0bjet,0.22671519707292312,0.33136937610354483,0.43632478213789705,0.021696346532994237,1.0,0.012899555434118169,0.0019965459528954324,0.038210692252002354,0.03315341471169652,-0.02233753598793765,0.03521434961959063,0.011117197872197278,-0.009181563232596932,0.001446019395507694,0.019224504290583765,0.015898556565831334,0.0007937631554798847,0.0007937631554798847,-0.03137020711115234,0.02947063255008434,0.023029037870497513,-0.02607636377758509,0.01074879950849517,0.005141787266693307,-0.0373575054083472,0.006897180873553251,0.00947337018941735,-0.034824357563083795,-0.038300134868763595,-0.01360925756138869,-0.045762827278664965,-0.01674072413452526,0.005779568815201916,-0.019474159006265954,0.02361484102967204,0.02888730763998211,-0.010181253292630229,-0.01090999916573806,-0.020928329351153834,-0.006582550743589213,-0.022943687915916267,-0.02450531812807827,-0.017849895583522013,-0.013553481400991078,-0.004677689337217021,-0.006416752434948064,0.0027872149970668957,0.0017083225250729014,-0.013399458886394834,-0.027974340243227303,-0.012640305349388885,-0.011008122998067244,-0.0018294182772252462,0.03917846014504022,0.028476409581615843,-0.027152064957803073,-0.08008506863134647,0.02115995325147929,-0.05199610246032106,-0.022225406298541507,0.03525515996303104,-0.006753074198270767,0.028617434532032204,-0.02235460723032907,0.005546170375421753,0.0004443544848043886,0.023139145799768335,0.002301523775802324,-0.012252633280402261,0.024787502667310817,-0.03338203265221342,-0.056409133390880016,-0.005513890103317193,-0.008360703053053488,-0.022779696492893353,-0.01960388556552224,-0.025195351971926697,0.05989101403243429,0.0017990600494017259,0.02159941699486954,-0.062340192350130615,0.06454265463784245,0.035964815320783064,-0.04747540155929629,0.00825522168600569,0.062041995295348026,0.26319521073626007
atlas_susy_2013_02-2jl,-0.00014628915510494987,0.0035697978103685934,0.03892294894594348,0.04745429225402517,0.012899555434118169,1.0,0.6400766559360316,0.512528080701844,0.35693615610406115,0.6947549457337218,0.7923263067608018,0.7258944790838654,0.4477987263182332,0.6525382967243284,0.6379357501561932,0.6337409644912381,0.7024361888204733,0.7024361888204733,-0.028024387182535897,0.02717366261244986,-0.006609758576717165,-0.020608030377047608,0.04076823138944469,-0.0025215783979226428,-0.009106689424201758,0.038270598370670844,-0.0006526631467281978,-0.022896849474809036,0.028189556858548886,-0.037568784724115435,-0.019502346601052222,0.01730305287841662,-0.008133229102747084,-0.013498249806084448,0.04481926006310562,-0.005222905223364455,0.008955715124227267,0.01349411686326814,0.003301326936533529,0.012791259744998318,0.02270808822372065,0.026227426378043765,0.015790306780051777,0.016823807283447147,0.022418219197068073,0.019313218421939147,0.011585516992091444,-0.004021886589412261,0.010277546031991247,0.007415576259676271,0.014749977740035143,0.018446765876918687,0.16001743889521813,0.18842493230465465,0.16216722098510078,0.08229644892926881,0.022529017322374844,0.15419169566603788,0.1829911433059016,0.13901244432330784,0.03598476364397815,0.09623989883242401,0.06610411465002139,0.145690422936884,0.04808648443453766,0.08281172665293737,0.23429406530819052,-0.00699064008206129,0.218277826278322,0.053041428796313295,0.030919837065374742,0.04924011790314928,-0.020208344644632545,0.10903140488010526,0.0750679710868733,0.059440332385644896,0.1285978642924481,0.14390318435290883,0.04085274169825228,0.06664244885257195,0.07443156674450939,-0.00035339066796892586,0.1782808236543768,-0.02286203620401872,0.000857642006119741,0.006942681505858006,0.022634766047726462
atlas_susy_2013_02-2jm,0.03815707857811374,0.010487959478226255,0.022213777585548707,0.012117389311035951,0.0019965459528954324,0.6400766559360316,1.0,0.8005112212447747,0.37261551483690647,0.5369373299186347,0.5186244589397903,0.5671928392802335,0.3368582446817141,0.4840656215581361,0.44856554033472074,0.43509408450925513,0.47820397959532546,0.47820397959532546,-0.03219678082853043,-0.006914990053090396,-0.01307232202162176,-0.03143809090095039,-0.0012014320497522623,-0.030034923590325096,-0.017325449568259436,0.0025521726712696845,-0.018646885144751414,-0.04033038311747116,0.000334059589650829,-0.019879886598653747,-0.03943705394403972,0.03980759674409098,-0.017617218244517018,-0.03118694974082775,0.00486261306007341,-0.020143341785607064,-0.01902625524295191,-0.011612447789196631,-0.017388567484323676,-0.012694972705207393,-0.03500390748097753,-0.02773405522373447,-0.03515540148236966,-0.027871740037659257,0.004624606573486923,-0.0033229893478756573,-0.006551493273851061,-0.01959477588055292,-0.013516913046853441,-0.0160491280435354,-0.01689528257539273,-0.012844441891517717,0.05177675478852335,0.03101582342589212,0.10340689937762848,0.14573250298162432,-0.01598622226211923,0.012896295481019823,0.18211868428941397,0.226930229915384,0.005696247267879581,-0.02934442140116281,0.09909335952829931,0.254855077731487,0.009970989138555894,0.017347744527264806,0.2524849969085528,-0.010661736254452736,0.19308984005535035,0.03577427618165825,-0.03365592115365315,0.034134036543593774,-0.037897991628850075,0.017571057310073926,0.12481892959735957,0.004302818730002681,0.02588871978834631,0.1615881213351858,-0.009161257195710393,-0.008370664219490374,0.08447708604991784,-0.021868450786270158,0.10585261217727568,0.010400126484146396,0.018895079411510515,0.006369685081264461,0.005046183056699129
atlas_susy_2013_02-2jt,0.02775312125700895,0.009445947974830223,0.0142354262586729,0.02649785722989115,0.038210692252002354,0.512528080701844,0.8005112212447747,1.0,0.3788325368730423,0.44579466653711036,0.42499803745286646,0.47378374394140305,0.3036121256652363,0.4088581138538985,0.3529086358581541,0.3469489836189857,0.3739684823877129,0.3739684823877129,-0.04466028400895586,0.01598977564406843,-0.015794829618672915,-0.04036370647146147,0.031332716851166606,-0.027668698185361437,-0.009128384494969182,0.045893905450924026,-0.03126303244800281,-0.05777941104630225,-0.02494118536580549,-0.02557974311761916,-0.0444318008871698,0.021254143942087363,-0.011001949099628431,-0.04109430770719116,0.031045256909063523,-0.024554743494585404,0.0022114601002364365,0.012856377332781204,0.006704394170370769,0.00819793016834811,-0.012068037135854272,-0.005880793879541746,-0.017915631783679956,-0.007746437163097968,0.03734175260066986,0.03436470085938986,0.03152291365499139,0.020118796979308306,0.009877454751912627,0.00405795181153617,-0.002171206138325922,-0.009746819542972605,0.014000720060750267,-0.013915830371519888,0.012087750955199357,0.03399148522833168,-0.005676882445738866,-0.008629377830530126,0.004007514372932792,0.1280059970423215,0.0112944368822798,-0.018937396159327505,0.07783178167162788,0.3088884267687112,0.021495629427172296,0.01756688226535821,0.31303264368401257,0.026848356625923404,0.25064351569636384,0.019743621258972183,0.01733759434658226,0.007984264136710596,-0.03839916719169395,0.010114856958656054,0.01807493898881708,0.03815888967344839,0.01650675028673852,0.1530733010770559,-0.010865544100815786,-0.006034758918417288,0.11563983934153667,-0.006904687042531497,0.17566083121722947,-0.04340757981973857,0.00282141389930692,0.03149471093223795,0.0128194764884574
atlas_susy_2013_02-3j,-0.015056517664380379,-0.004927091175224298,0.024343195612787676,0.010928234759458078,0.03315341471169652,0.35693615610406115,0.37261551483690647,0.3788325368730423,1.0,0.5171914247922776,0.42081924100902846,0.5419216634000946,0.6133687305193279,0.5391042751882994,0.515639210730789,0.506323430461777,0.46293467131807525,0.46293467131807525,-0.0380314737328756,0.02528981335112015,-0.021674484214696758,-0.04281657456481864,0.01739061109883485,-0.03726971875171746,-0.04114948858403371,0.000861684357014528,-0.033906075708862476,-0.058214132752564894,0.017759375959148553,-0.05768680678757293,-0.07346596031433184,0.054206326225313926,-0.02198080055916065,-0.03417357012087652,0.03892338583059653,-0.03305931033030105,-0.018098439786548445,-0.018393950311816235,-0.018696596372596325,-0.012463329229475384,-0.013430902455106206,-0.014179891405115361,-0.015153084092111418,-0.015960089230422258,0.01209499583073685,0.002188423816108593,-0.010309744178925963,-0.010950525053038363,-0.0064931934536653,-0.011513674182097488,-0.011713634483529078,-0.004138951836063985,-0.0035961807633499493,-0.01887180054480513,-0.021021775670877176,-0.0027981137871028565,0.049030829842997115,0.015049048545798065,0.023905209793029177,-0.01311229125377742,-0.016441147657638423,-0.020543280838815087,0.020658201291489146,0.003939001942797433,0.03613641514397755,0.022631827955093796,0.10954978119940045,-0.006315200188771838,0.16582084543903047,0.024822368017076067,-0.022979690397446226,-0.02924162718917889,-0.008094255356380918,-0.008503336526106126,-0.007592742832721176,-0.04522589979964135,-0.012529137090288018,0.046845971169468884,0.015043705092014577,0.0015726251188221173,0.05299302199973105,-0.00627254548758992,0.13668750680153374,-0.04335444259599543,-0.06297565289503793,-0.027120462932367223,0.01800730892683448
atlas_susy_2013_02-4jl,-0.023483964605363755,-0.02128507929421992,0.030530531228802144,-4.621251430515615e-05,-0.02233753598793765,0.6947549457337218,0.5369373299186347,0.44579466653711036,0.5171914247922776,1.0,0.7857766407337068,0.8665253074917298,0.8159570360457,0.75121605868366,0.7115469333891037,0.7358051966103375,0.7782173322187247,0.7782173322187247,-0.0059810266318495635,-0.001719507452434718,-0.03182853171426036,-0.01712135486344353,3.756283587375025e-05,-0.03854805570666811,-0.026450956184819574,-0.0039680639783204585,-0.028804338325809913,0.007852508291759696,0.01212048041031189,-0.016086729416548866,-0.012344490044667498,0.006748884295749265,-0.0068305423584334385,0.004605687331523486,0.01248505627863831,-0.037372554945582226,-0.006206037456149972,-2.9576219683508915e-05,-0.011706328252532552,-0.0066214380221953075,-0.00010635217286111273,-0.0018028195753950124,-0.015843498043066777,-0.014233863085259655,0.024255742785310924,0.015136074767741866,0.009901440094577378,-0.005003229935940437,0.010163431069720048,0.018843947063060876,0.02163647296748995,0.02132924948951947,0.12176007900742698,0.09026897938210113,0.11986012173027547,0.0720282861069005,0.03409529520406017,0.1302582033933083,0.12034363625076529,0.08967821334704104,-0.013258199967644962,0.08900349264848448,0.07422681624122685,0.11634133469794122,0.027205149167872523,0.05888989680882803,0.21810313755843708,-0.008295029964992285,0.18097282506577206,-0.019123135761257362,0.03602395665422753,0.01704338274559716,0.0023451960160880947,0.0532976726886106,0.08334335473854115,0.01042608488510001,0.08087669126933532,0.11006502802887187,0.031075446571949675,-0.002680306567715234,0.07325245580391147,0.014523045951054109,0.14810509445504935,-0.0493331159937572,-0.018361300983640052,0.009092951438373392,0.030864500152611093
atlas_susy_2013_02-4jm,0.016374076307002668,0.025963438494694454,0.05010158076333124,0.07808557594849154,0.03521434961959063,0.7923263067608018,0.5186244589397903,0.42499803745286646,0.42081924100902846,0.7857766407337068,1.0,0.7276796199883354,0.6192694189728534,0.6982194523879244,0.7033333714275083,0.7142366672817673,0.8852709514771978,0.8852709514771978,-0.03639365222914893,-0.0008914874679438339,-0.0015970965988709339,-0.026220963956582157,0.009417068223516751,-0.002482740533003008,-0.02069462711135795,0.015465342972283797,0.0012632580366151469,0.004390363833652574,-0.018770154204696163,-0.029590441247008534,-0.011219806699587722,-0.02392979174920918,0.011931752489847257,-0.015187082728796299,0.014271440908803865,-0.0051858273148518794,-0.0151875033406077,-0.01273477288712755,-0.017487159174575422,-0.007265669816084552,0.012429216013584526,0.01165914802505848,0.0019875421703055124,0.001926918344640715,0.005198918009305151,0.0026138980995074608,-0.0010474900063918774,-0.010252254905309129,0.01439874384152307,0.020181137515037917,0.024800759918484568,0.02281426850175918,0.15413167075189296,0.14340372147016958,0.1271480444882051,0.053292040365184715,0.05432529479982645,0.13664677555196136,0.12136237478552497,0.11812449913318587,0.061089824011251355,0.07663826849759185,0.06986564041107783,0.12133554597760988,0.10428421794469671,0.09016576210352818,0.23583693374092296,0.04536700981593925,0.22104792586829566,0.05487390932745029,0.0489619955341765,0.01708201843416024,0.010923155664750996,0.07020785893394015,0.10030538668678518,0.07960721004023022,0.11285410313167524,0.10773120519445709,0.05907471587874929,0.0630502754709249,0.05079802691376421,0.06736515124702275,0.16393467041850707,-0.029961084534363785,-0.024581232862523172,0.03797520063366243,0.03553142258507145
atlas_susy_2013_02-4jlm,0.011480487890838895,-0.026331070513652615,0.038611333874829186,0.008236402234662524,0.011117197872197278,0.7258944790838654,0.5671928392802335,0.47378374394140305,0.5419216634000946,0.8665253074917298,0.7276796199883354,1.0,0.5913220831360148,0.8494493706895496,0.8085338551437724,0.7924663067228961,0.6915459054528579,0.6915459054528579,0.00747956358756668,0.02169646073677278,-0.019796209359274654,-0.005096195283256897,0.019915231598482457,-0.01926445992433981,0.00037966653809217636,0.01593749269694164,-0.013401214382794093,-0.0016088030872575695,0.01675459683332392,-0.02427112468146139,0.015505626512865682,-0.002155943857501316,-0.01972656000180307,0.01969336943171345,0.03736972062688737,-0.02155686910825177,-0.0089479703204238,0.0035320814464864063,-0.00411793269939967,0.00434015369594716,0.014949444867234787,0.015874032651498345,0.007224776984990601,0.0065657259186902035,0.014922093789312337,0.012636187989291555,0.013664462997869643,0.002589012949385444,0.020746840723084085,0.022428438051984877,0.029542100218110042,0.02815442767646158,0.1681347241742721,0.128108568588105,0.107082531254792,0.07155856981369468,0.04458539368937387,0.160942341288965,0.11884309081593791,0.11119245010147208,-0.03480733708928546,0.08082061158533946,0.07519749225168036,0.1353213497591538,0.025188216439978102,0.06301388029536714,0.20857886899581934,-0.008680598329528428,0.16747906493353623,0.04097595271720546,0.028570020156238825,0.03763520127272981,-0.012358777371902767,0.06973407834926675,0.09727900346813921,-0.0015833838952617886,0.07539251271762934,0.13398680602641963,0.03654518723953327,0.028103794525856655,0.08966486382769638,-0.003128300524633042,0.1485425351346057,-0.0321935685637915,-0.031755080426215866,0.010155858216373907,0.044670230344625986
atlas_susy_2013_02-4jt,-0.07271917719996844,0.005959404025440794,0.028813161278336746,-0.01288985447895069,-0.009181563232596932,0.4477987263182332,0.3368582446817141,0.3036121256652363,0.6133687305193279,0.8159570360457,0.6192694189728534,0.5913220831360148,1.0,0.5931477055761675,0.5758242374185586,0.6140284479354442,0.6865669925172019,0.6865669925172019,-0.04330619784702054,-0.006227193827209027,-0.044402999948204444,-0.05249846308586441,-0.008978619914165382,-0.05923672430306738,-0.06990984355911446,-0.01896861948063041,-0.04395421514924455,-0.002224193447982881,0.0026821801736999743,-0.04674539134739141,-0.04631591131663714,0.021183694873006927,-0.031932823921068575,-0.03870533164762422,0.009116387158553596,-0.06052283230634855,0.003157554063632967,0.0024544930913475756,-0.000564924064332144,0.002818487214689429,0.012695735334606256,0.0077598479474924814,-0.0012026867452562464,0.0004680818092783677,0.029428096668803458,0.017347306700279713,0.00753850477989823,0.0014648861606579421,0.03475113330232761,0.044077396855439994,0.04236607811400606,0.042058423226445145,0.04970217843667848,0.057263389234549,0.06269012428075439,0.047259031389968176,0.04733344884531683,0.06014800401705388,0.051820552496554796,0.013660515810457515,0.00484607099591056,0.031793118452276836,0.007612300391811643,0.0389500796510615,0.018225728888860815,0.017208592058998946,0.12488179929777199,-0.025488609119737108,0.14871918033274792,-0.020875766246716526,0.02909534835020368,-0.04553899141209917,-0.001532914327061598,-0.01835335127946751,-0.004013279587834913,-0.0016519101070101797,0.013990136578079009,0.03853821793512447,0.022013365144285858,-0.03840367915050682,-0.009593135449971596,0.03295665325516722,0.11651538523778379,-0.06158941204075334,-0.02701687766245092,-0.017215376114468838,0.039227953700929324
atlas_susy_2013_02-5j,-0.009353500045139742,-0.0061615120696927525,0.03283946682029724,0.02348904932819828,0.001446019395507694,0.6525382967243284,0.4840656215581361,0.4088581138538985,0.5391042751882994,0.75121605868366,0.6982194523879244,0.8494493706895496,0.5931477055761675,1.0,0.9116601441970219,0.8905792349941545,0.6850770251000994,0.6850770251000994,0.003451962630744451,0.03020944435462025,-0.004687858809778843,-1.3345767254021232e-05,0.03330430945767439,-0.00014423355538541668,-0.004045620449327639,0.032361058307437233,0.015105130293210789,0.00018119781274827473,-0.002116511473303253,-0.03168227768334916,0.021641369715624127,-0.0018414529456916746,-0.019505482951280434,0.01719728100728748,0.04896245106259896,-0.009521471764058842,-0.028417836883335844,-0.02219966468532573,-0.032189665533380186,-0.021571309403279445,0.0024953135520900736,0.005861386130269995,-0.005461112492369114,-0.00711591281775113,-0.0021654347254743056,-0.0017696343754321957,-0.002986506473270755,-0.017161480124374573,0.007725151347278526,0.010575280714475515,0.02315649208910978,0.018224357480880256,0.12613435812068005,0.08418168104026574,0.0874534491193498,0.04838214430404319,0.06007492192057102,0.11437399108248889,0.11400883699299232,0.11236719726876071,-0.017891184168425577,0.07510328983829373,0.05255203306369813,0.1055666583107236,0.038070869361789696,0.07266589483530443,0.1699775370997298,0.02301941350945054,0.14156976966401397,0.0294303422273137,0.013940887494783165,0.028437880073459793,-0.025292212667249642,0.08118758634823112,0.07769556173550225,0.02893169955711075,0.09416194255963217,0.10467412129230735,0.053345694625752976,0.0721013758338634,0.10693462877262797,0.0014432576661935457,0.16688262859031852,-0.02508236683930321,0.00546884354901198,0.027573490772524807,0.0407422785343105
atlas_susy_2013_02-6jl,-0.018427984240407924,-0.004049006925771184,0.019287244971216463,0.029353223935958617,0.019224504290583765,0.6379357501561932,0.44856554033472074,0.3529086358581541,0.515639210730789,0.7115469333891037,0.7033333714275083,0.8085338551437724,0.5758242374185586,0.9116601441970219,1.0,0.9783857368628874,0.7507297210540599,0.7507297210540599,-0.009379499874690491,0.02803287528915648,-0.003244048268905872,-0.010202839338078543,0.031552909844188425,0.0003625210543742413,-0.019805723153262785,0.03203008278870369,0.012889990167152029,0.00023757257111282136,-0.02226699358428653,-0.05055319851862496,0.013891482677351904,-0.002984629291622166,-0.024961345551413203,0.005690480208434297,0.047203205141658766,-0.008853312966708545,-0.019059207131477587,-0.0084401126010933,-0.017316415148043284,-0.0029960373243048287,0.016527144291474415,0.021335583674921832,0.01445936857395533,0.016787925845175796,0.005513265304907895,0.002326105052106092,0.005413521486219208,-0.004702850647330212,0.030736749956490644,0.03519071265849806,0.050977845611628096,0.0485654205766521,0.1262476314228591,0.09914830054760856,0.09513432033772823,0.061814042897950686,0.07558068472367807,0.1237221350507209,0.09740121239090493,0.09713869208955667,-0.006936630509522731,0.06845325349880259,0.0508886300178984,0.07842165004799387,0.05380635318675427,0.08516137201391971,0.1491553962367339,0.06264622224345437,0.15494617232776345,0.03487293392738413,0.010577491278093924,0.013106854280413388,0.005257715322000932,0.06492431956873955,0.060206808182943924,0.015580481276048785,0.08017749889266369,0.06674376211220476,0.03828546430274981,0.03377402605595483,0.06733732527667625,-0.016643036824152222,0.14890795266650797,-0.01636948743275125,-0.013850407788448883,0.016491114482044936,0.04790604796685181
atlas_susy_2013_02-6jm,-0.02226237442533023,-0.013762827094245271,0.013906165632332957,0.018576787740220653,0.015898556565831334,0.6337409644912381,0.43509408450925513,0.3469489836189857,0.506323430461777,0.7358051966103375,0.7142366672817673,0.7924663067228961,0.6140284479354442,0.8905792349941545,0.9783857368628874,1.0,0.7640052289425565,0.7640052289425565,-0.02258650458636309,0.03562272843035591,0.001387604917872842,-0.018834555060599032,0.039683385008162306,0.002796998819942609,-0.02844785755316821,0.03757509924985068,0.016615461746517752,-0.00411165287168738,-0.02322357273217217,-0.047681691013221554,0.00444059707162902,-0.004839646265905198,-0.01549471863462303,-0.005903414133743169,0.05421115316118422,-0.007656047433247425,-0.022099376245067377,-0.011109603196723215,-0.020907741472045827,-0.007953055949395216,0.010782388416362042,0.0168460082253881,0.00936432166060616,0.009730884629188535,0.004705066519494973,-0.0009117365185818027,0.0010786863086982967,-0.007943047141215347,0.029404498490317146,0.03372801802736326,0.051253144682118494,0.051669685656414735,0.12600329671331484,0.09494668499882677,0.10083361799614186,0.05913309981154459,0.07774430675903231,0.11067498713565402,0.09808597603247014,0.08330007527231727,-0.0019045715387191796,0.06663821949816358,0.05678976042259534,0.07194569500523389,0.06626904590255794,0.08390656045756646,0.1503543195304737,0.06234980149502336,0.15841724846952832,0.028641009074421377,0.010006924201388939,0.013439962786946837,0.007019673319270116,0.057516978142949975,0.052394951800276465,0.013554319084306116,0.08425793651593376,0.06553519165950555,0.04106336065211497,0.03019126934222674,0.06419653195246736,-0.01872228609755442,0.15216221103582608,-0.011228834027131696,-0.020932498830976722,0.006605945718329019,0.04326522589258385
atlas_susy_2013_02-6jt,-0.041492737891671586,-0.03478997180517784,0.016903093965241946,-0.004287402419101731,0.0007937631554798847,0.7024361888204733,0.47820397959532546,0.3739684823877129,0.46293467131807525,0.7782173322187247,0.8852709514771978,0.6915459054528579,0.6865669925172019,0.6850770251000994,0.7507297210540599,0.7640052289425565,1.0,1.0,-0.03742279916943703,0.010637894363969202,-0.01842640133301191,-0.020571425737466103,0.019944197546892892,-0.015148973209000945,-0.024760347857498425,0.014811469356215093,-0.0063253879059716415,0.017076655051236324,-0.0045655909606754745,-0.03431768532137784,-0.005911661236235899,0.018171358994037788,-0.01344606921106421,-0.018469482000379196,0.02762210841415742,-0.024441398443601665,-0.017151664700439554,-0.017175416847241443,-0.019722377333213515,-0.013179826802466783,-0.00606902733415523,-0.004719797140133957,-0.009737595315442282,-0.0077291302391557775,0.00614239863834333,0.0027535160670656565,-0.006277598842316462,-0.0105107601646416,0.020981923653738698,0.0321348489561453,0.040813075074262455,0.04056429781398362,0.1528046437789698,0.13095050578175124,0.12786550831263999,0.068250582829809,0.07608321539436412,0.14733668071977057,0.11810860654610035,0.13987563266115338,0.06736674920704602,0.09348475440786586,0.07620917633381137,0.09709047906431441,0.07444450159811437,0.08909625248682562,0.2175434020681857,0.02497810686142085,0.19662200664055704,0.01255179212263161,0.017107500869960976,-0.026782324901988258,-0.023303114780670375,0.039679517198433066,0.05764022748218433,0.025513019816730237,0.04444725195188053,0.07120018892731637,0.025110730434671293,0.0029857257995910213,0.008594491669035424,-0.004119892476609119,0.08766771208475788,-0.057178924872020885,-0.05693690131635378,0.0062823471868537935,0.0020846269730529095
atlas_susy_2013_02-6jtp,-0.041492737891671586,-0.03478997180517784,0.016903093965241946,-0.004287402419101731,0.0007937631554798847,0.7024361888204733,0.47820397959532546,0.3739684823877129,0.46293467131807525,0.7782173322187247,0.8852709514771978,0.6915459054528579,0.6865669925172019,0.6850770251000994,0.7507297210540599,0.7640052289425565,1.0,1.0,-0.03742279916943703,0.010637894363969202,-0.01842640133301191,-0.020571425737466103,0.019944197546892892,-0.015148973209000945,-0.024760347857498425,0.014811469356215093,-0.0063253879059716415,0.017076655051236324,-0.0045655909606754745,-0.03431768532137784,-0.005911661236235899,0.018171358994037788,-0.01344606921106421,-0.018469482000379196,0.02762210841415742,-0.024441398443601665,-0.017151664700439554,-0.017175416847241443,-0.019722377333213515,-0.013179826802466783,-0.00606902733415523,-0.004719797140133957,-0.009737595315442282,-0.0077291302391557775,0.00614239863834333,0.0027535160670656565,-0.006277598842316462,-0.0105107601646416,0.020981923653738698,0.0321348489561453,0.040813075074262455,0.04056429781398362,0.1528046437789698,0.13095050578175124,0.12786550831263999,0.068250582829809,0.07608321539436412,0.14733668071977057,0.11810860654610035,0.13987563266115338,0.06736674920704602,0.09348475440786586,0.07620917633381137,0.09709047906431441,0.07444450159811437,0.08909625248682562,0.2175434020681857,0.02497810686142085,0.19662200664055704,0.01255179212263161,0.017107500869960976,-0.026782324901988258,-0.023303114780670375,0.039679517198433066,0.05764022748218433,0.025513019816730237,0.04444725195188053,0.07120018892731637,0.025110730434671293,0.0029857257995910213,0.008594491669035424,-0.004119892476609119,0.08766771208475788,-0.057178924872020885,-0.05693690131635378,0.0062823471868537935,0.0020846269730529095
atlas_susy_2013_11-MT2-90ee,0.010709241060033365,0.012316259916362433,-0.014103671007215676,0.0762070158821884,-0.03137020711115234,-0.028024387182535897,-0.03219678082853043,-0.04466028400895586,-0.0380314737328756,-0.0059810266318495635,-0.03639365222914893,0.00747956358756668,-0.04330619784702054,0.003451962630744451,-0.009379499874690491,-0.02258650458636309,-0.03742279916943703,-0.03742279916943703,1.0,-0.06155222939105678,0.02428250752978658,0.9307207972371356,-0.050305257553583366,0.038114222056924,0.8620585593977106,-0.029354610438795756,0.01679158193161683,0.27054983554366757,-0.01754699621450985,-0.03550790527530964,0.40436829834192,-0.03479256646778596,-0.016493318809253355,0.9782473681824625,-0.05972415038510719,0.03016607678249525,-0.03846802597282092,-0.032374317553128786,-0.03646944681464966,-0.04123220223094822,-0.05988171721431033,-0.05257191667903291,-0.055238136642351686,-0.048049867433014676,-0.033593318454378185,-0.016448183301586435,-0.019260444706756114,-0.024984846939565507,-0.08465718243126355,-0.07400940259876096,-0.06305821784925443,-0.06752383722336924,0.012982122958386518,-0.0579264404180276,0.010318026487700494,-0.028177577557620546,0.06270783443854608,0.010689586932823911,0.004462635171452535,-0.0023045262384144747,-0.028734231219285495,-0.006235834641226074,0.023177232054292587,-0.06533247590909352,0.025126172729864324,-0.010551961323842316,-0.022220318108453346,-0.060284021061014145,-0.06955440621037844,-0.000714636933318241,0.003839719874276781,-0.0053660609693718135,-0.008090966770629943,-0.00039470740076048063,0.021897313185531665,0.008448948015128565,-0.06922273849424783,0.029380633168773863,0.015071360431548235,0.009396116838959223,-0.01603948531812379,-0.005030634676726079,-0.025028108143484454,-0.01965970215253584,0.012261962612768264,0.0062138714749360785,-0.010862762491674352
atlas_susy_2013_11-MT2-90mumu,0.006852699895507675,-0.0488697641955296,0.04154265630454016,-0.02453667699127273,0.02947063255008434,0.02717366261244986,-0.006914990053090396,0.01598977564406843,0.02528981335112015,-0.001719507452434718,-0.0008914874679438339,0.02169646073677278,-0.006227193827209027,0.03020944435462025,0.02803287528915648,0.03562272843035591,0.010637894363969202,0.010637894363969202,-0.06155222939105678,1.0,-0.06545190458112177,-0.04574192594894381,0.925966227065514,-0.051269908961195314,-0.05217247991715472,0.8462226898894336,-0.05067129251358732,0.00496895603698795,0.2608793743983821,-0.010900419159142307,-0.04766993573597518,0.39962846960727016,-0.0050156191047430795,-0.051359616454851924,0.9736830110899988,-0.05814089116185332,0.029866179660455492,0.0172873245481209,0.015408639158991246,0.015269748349521776,0.05130964208328091,0.04663758090601,0.044856112879676946,0.04790341269229922,0.04710839694330108,0.03799841819164253,0.025232521880044892,0.016911680514495604,0.04477636983343445,0.04090777216925804,0.03714484987289273,0.03166491527727025,-0.015154628923095626,0.05947250809332231,0.016095932115745053,-0.030857946686166822,0.015857101504879168,0.006615451531131436,0.0335121694546345,-0.06417604699594005,-0.012166373743818387,0.016980640112535327,-0.049538972277534725,-0.01731753972847628,0.04558373648021466,0.012880952972199461,-0.00017959211506758283,0.006333940427132624,-0.015298896018947294,-0.05174868253437346,0.007993709077020014,0.05702825762852607,-0.012635531071810565,0.021614573296702584,-0.009626910355844974,-0.06577298204851226,0.02761329276623418,-0.05098722902566512,-0.029909822617284088,-0.039196340489223866,0.013355973071964683,-0.013169108146139887,-0.01808887048786107,0.04911396008168986,-0.0022496162523620122,0.019037309214943187,0.06387601266164662
